50000  1   1   1   4   4   6   6   8   8  10  10  13  13  13  14  14  15  18  18  19  19  22  22  24  25  25  26  28  29  29  29  31  -1  34  35  35  36  38  38  38  39  41  41  45  45  45  47  47  48  50  50  50  53  53  55  55  55  57  57  60  60  61  63  63  64  64  67  67  69  69  71  71  71  72  73  76  76  76  79  80  80  81  81  83  83  85  86  86  88  89  89  91  91  94  94  95  95  96  98  98 101 
  2   1   2   3   6   6   7   7   9  10  11  11  13  13  14  15  18  18  18  19  21  22  22  23  24  26  27  27  28  29  31  33  33  34  34  36  37  37  38  39  41  41  45  45  45  47  47  48  49  50  50  52  53  54  54  55  57  57  59  59  61  61  63  65  64  67  67  67  68  72  72  71  72  73  76  76  76  79  79  79  82  81  83  83  85  86  86  88  89  89  91  91  95  94  95  95  96  99  98 100 100 
  3   2   3   5   6   6   7   9  10  13  11  13  13  14  15  18  18  18  21  21  22  22  23  24  27  28  27  28  29  32  32  32  34  34  37  37  37  40  40  41  41  43  -1  45  47  47  48  48  50  52  52  53  54  54  57  57  57  59  59  60  61  63  64  64  67  67  67  68  70  70  72  74  73  74  -1  76  79  79  79  82  82  83  83  86  86  86  88  88  92  93  91  93  95  95  95  97  97  99  99 100 101 
  5   5   5   5   6   7  10  10  11  13  13  13  16  15  17  17  18  21  21  21  23  23  27  27  27  27  29  29  32  32  32  34  34  37  37  38  38  40  42  41  43  45  45  -1  47  48  48  50  50  52  52  55  54  55  57  59  59  59  60  61  63  63  64  -1  67  67  69  71  70  72  74  75  74  76  76  79  79  79  81  82  83  83  86  86  86  88  88  92  92  92  93  93  95  95  96  97 100  99 100 103 102 
  6   6   5   6   9   9   9  10  13  13  14  15  16  18  17  18  20  20  21  24  23  26  26  27  27  29  29  32  32  32  35  34  36  37  37  38  40  41  42  42  45  45  45  47  48  48  -1  50  53  52  55  55  55  57  57  59  60  61  61  64  63  66  66  66  68  68  70  70  72  72  74  74  75  76  80  79  80  81  83  83  84  84  85  88  88  89  90  90  92  93  93  95  95  96  97 100 100 100 102 103 103 
  6   7   8  10  10   9  10  13  13  16  15  16  16  18  20  20  20  21  23  23  24  26  26  27  29  29  33  33  32  35  35  36  38  37  38  40  41  42  42  44  44  45  47  48  48  51  51  54  53  54  55  55  57  57  59  60  60  61  63  63  66  66  66  68  68  -1  70  72  72  75  74  75  76  80  80  80  81  83  83  83  84  85  87  87  88  90  90  92  93  93  96  95  97  97  99  99 100 101 103 103 106 
  7   7   9   9  11  11  11  13  13  16  16  16  18  20  20  20  21  24  23  24  26  26  29  29  29  31  31  33  -1  35  38  38  38  38  39  41  42  42  45  44  46  48  48  48  51  51  51  54  54  55  56  57  -1  60  60  60  61  63  63  66  66  66  67  68  -1  72  72  72  75  75  75  77  78  80  80  80  81  82  83  87  87  87  87  88  92  90  92  92  93  96  96  99  97  99  99 100 101 104 103 105 105 
  7   8   8  13  12  11  14  13  14  16  16  18  19  19  20  22  22  24  24  26  26  29  29  29  31  31  33  33  37  37  37  38  38  39  40  42  42  44  44  47  -1  48  48  51  51  51  54  54  56  56  56  59  59  60  60  61  62  65  65  68  66  67  68  -1  72  72  72  75  75  75  78  78  79  79  80  81  82  -1  87  87  87  87  89  89  92  92  92  94  94  96  97  99  99  99 101 101 104 104 105 105 108 
  8   8  11  11  14  14  14  14  16  18  18  18  19  20  23  22  23  24  26  26  27  29  31  31  31  35  33  35  37  37  38  38  39  40  42  42  44  44  47  47  47  49  49  51  51  53  53  56  57  56  59  59  59  60  61  62  63  65  66  67  68  70  70  73  73  72  75  75  75  77  78  79  79  81  81  82  84  84  -1  87  88  88  89  92  92  93  94  94  98  97  98  98  99 102 101 102 104 105 105 109 109 
  8  11  11  12  12  15  14  15  16  18  18  19  20  23  23  23  26  26  26  27  29  30  30  32  32  36  35  37  37  37  38  39  42  42  42  44  44  46  46  47  50  49  51  53  53  53  56  56  56  58  58  59  62  61  63  63  -1  66  67  67  70  70  70  73  73  76  75  75  77  79  79  79  80  81  -1  85  84  85  87  89  88  90  91  91  93  95  94  97  97  98  98 100 100 103 102 104 106 105 107 108 109 
 11  11  13  12  16  16  15  16  19  18  21  20  22  23  23  25  25  28  27  29  32  30  32  32  35  35  36  38  37  38  41  41  42  43  43  44  47  46  48  49  49  52  52  52  53  56  56  56  58  58  61  61  62  63  63  64  68  68  67  70  70  70  72  72  74  76  76  76  79  79  79  80  81  83  83  86  85  87  89  89  90  90  91  92  95  95  95  97  98  99 100 100 104 103 105 105 106 107 108 109 110 
 11  13  13  13  16  19  18  19  21  21  21  22  24  23  24  25  28  28  28  30  30  32  34  34  35  36  37  37  38  41  41  42  42  43  45  45  47  48  48  49  51  52  52  56  56  56  56  -1  58  61  61  62  62  64  64  66  66  68  70  70  72  72  72  74  74  75  76  78  78  79  81  81  84  83  84  86  87  88  89  90  90  93  92  -1  95  95  98  98  99 100 101 102 102 104 105 105 107 107 110 110 110 
 14  14  13  14  16  16  19  19  19  22  24  24  24  24  26  26  29  28  30  30  32  33  33  36  36  36  37  39  39  41  41  42  43  46  45  48  48  48  50  50  -1  52  55  55  56  57  58  58  60  60  63  62  66  66  66  66  69  69  69  72  72  72  75  74  75  78  78  78  80  81  81  84  84  84  86  87  88  89  90  90  91  93  94  94  96  96  98 100 100 101 102 102 104 105 105  -1 107 110 110 110 113 
 14  14  14  16  16  18  18  19  20  21  24  24  24  26  26  28  29  31  30  33  33  33  36  36  36  39  39  39  42  41  43  43  -1  46  47  47  48  51  50  53  54  54  54  56  58  58  58  60  60  62  62  65  66  66  67  67  68  69  71  72  72  74  74  76  77  77  78  -1  81  82  82  84  84  85  88  88  88  90  91  91  93  94  94  -1  96  98  98 100 100 101 103 105 105 105 108 108 109 109 110 112 112 
 15  14  16  16  19  18  21  20  21  22  25  24  25  28  28  29  30  31  32  32  34  34  36  36  39  39  39  42  42  42  43  45  45  48  47  51  52  51  52  53  53  54  56  57  57  58  60  60  63  62  65  65  65  67  67  68  70  70  74  72  74  74  75  77  77  81  81  81  83  82  83  84  85  87  87  88  90  90  91  93  94  94  97  97  -1  98 100 100 101 104 104 104 106 107 108 108 109 111 113 112 114 
 15  16  16  20  19  20  21  21  22  23  26  25  26  28  28  30  30  32  32  35  34  38  36  38  39  40  41  42  42  44  44  45  48  48  48  51  51  52  53  53  55  55  57  57  58  60  60  62  62  64  64  65  67  67  70  70  70  73  73  74  75  75  78  77  80  80  81  83  83  83  -1  85  87  87  88  90  90  92  93  93  97  97  97  98  99 101 100 102 103 103 104 106 106  -1 108 109 111 111 113 114 114 
 17  16  18  18  20  21  21  23  23  27  27  26  28  28  31  30  34  32  35  35  35  38  38  39  40  40  42  42  44  44  45  48  48  48  51  51  52  52  53  56  55  57  57  59  59  60  64  62  64  64  65  67  67  70  70  71  71  73  73  75  75  78  78  -1  80  82  82  84  83  85  85  87  87  90  90  92  92  93  93  95  95  97  98  98 100 100 101 104 103 106 106 106 109 109 111 111 111 113 113 114 116 
 17  17  18  20  20  22  22  23  24  26  28  29  28  29  31  31  34  34  35  35  36  38  40  40  40  42  42  45  44  48  48  48  49  50  51  51  52  54  56  56  57  57  60  59  62  62  63  64  65  65  68  67  69  70  70  71  73  73  75  75  -1  78  79  79  82  82  84  84  84  85  86  87  89  89  92  92  94  93  95  95  97  98  98 101 100 101  -1 104 106 106 107 107 109 109 110 111 113 113 115 116 116 
 17  19  19  20  22  22  23  24  26  28  28  30  29  30  31  33  33  35  37  36  38  40  40  41  41  43  43  45  45  47  48  49  50  51  51  53  53  56  56  56  58  59  59  61  62  63  64  64  65  -1  68  69  71  70  72  72  73  -1  75  77  77  80  79  82  82  82  85  84  87  86  88  89  89  92  92  94  94  94  95  97  97  98 100 101 101 103 103 106 106 106 107  -1 109 110 111 113 113 116 116 116 118 
 19  19  22  22  22  23  24  27  27  27  31  31  30  31  33  33  35  36  37  38  38  40  40  41  43  43  45  45  46  48  48  50  50  51  53  53  56  56  56  58  59  59  61  62  63  65  64  67  67  69  69  69  70  71  72  74  75  75  77  77  80  80  81  81  82  85  85  85  87  88  90  89  91  91  94  95  94  95  97  97  99  99 102 101 104 103 106 106 106 109 109 109 112 112 114 113 115 115 116 118 118 
 19  21  21  22  23  26  26  -1  27  30  30  33  33  33  33  35  36  37  37  38  39  40  42  -1  43  45  45  46  48  48  51  50  51  54  53  56  56  57  58  60  59  60  61  63  64  64  67  67  69  69  69  70  71  74  74  75  75  78  77  79  80  81  81  82  83  86  85  87  87  90  90  93  91  93  94  94  97  97  97 100  99 101 101 103 104 105 105 106 109 109 109 111 111 113 113 116 115  -1 118 119 119 
 21  21  22  25  25  25  27  28  29  29  32  32  34  33  34  37  37  37  39  39  40  43  43  44  45  45  47  47  48  50  51  51  55  54  55  56  57  58  59  59  60  61  63  63  64  67  67  69  69  69  71  71  73  73  76  75  77  77  79  79  81  81  84  83  -1  86  87  87  90  90  91  93  93  95  94  97  97  97 101 100 101 101 102 104 104 105 109 109 109 111 111 111 113 113 115 115 116 117 120 119 121 
 21  23  25  25  25  27  28  30  29  31  31  35  35  34  36  36  39  39  -1  40  42  42  44  45  45  47  47  50  50  51  51  54  54  55  56  57  57  58  59  61  61  64  63  64  67  67  67  69  69  72  71  72  73  75  75  -1  77  -1  79  81  81  83  83  84  85  87  87  89  89  91  92  92  95  95  95  97  97 101 101 101 102 102 105 104 107 107 107 109 109 111 111 114 113 115 115 116 117 119 119 122 121 
 23  25  25  26  28  28  28  29  30  31  32  34  36  36  36  38  38  40  40  42  42  45  45  47  47  47  49  50  51  51  53  53  56  56  56  57  58  61  62  61  63  64  65  66  67  67  68  69  71  71  72  73  76  75  78  78  80  80  81  81  84  83  84  85  88  87  89  89  -1  93  92  94  94  95  98  97  99 101 101  -1 102 105 105 105 108 107 109 109  -1 111 113 113 115 115 118 118 118 119 121 122 122 
 24  24  26  27  28  28  29  30  34  32  34  36  37  38  38  38  41  40  42  42  44  44  47  47  47  49  50  52  51  53  53  56  56  56  58  58  61  61  61  63  64  64  65  68  67  68  69  70  71  73  73  76  76  76  77  81  80  81  81  83  83  85  86  86  88  89  90  91  91  93  93  94  97  97  98  99  99 101 103 103 104 104 105 107 107 110 109 111 111 114 113 115 115 118 118 118 119 121 122 123 125 
 24  26  26  28  28  31  31  33  33  34  35  35  38  39  38  39  40  43  42  44  44  -1  47  48  50  50  52  52  53  53  55  56  57  57  58  61  61  61  65  65  64  65  67  67  69  69  70  71  73  73  75  75  76  77  80  80  81  81  83  83  85  86  86  88  88  90  91  91  92  93  95  95  97  98  99  99 100 101 103 103 104 107 107 107 110 110 110 111 113 113 115 116 118 118 119 119 121 121 122  -1 125 
 26  26  29  28  31  31  33  33  33  35  35  38  39  40  39  40  42  43  45  44  46  46  49  49  49  52  52  52  55  55  56  56  57  59  59  61  61  64  64  65  66  67  67  69  69  71  71  74  73  76  75  78  78  -1  80  82  82  83  83  86  86  86  88  88  91  91  93  92  93  95  95  96  98  98  -1 100 101 103 103 105 106 106 107 109 109 110 111 113 113 115 115 117 117 118 121 121 121 122 124 124 127 
 26  27  29  31  31  31  33  33  35  36  38  38  38  41  41  41  42  45  45  45  46  48  49  49  52  52  52  55  55  56  56  58  58  59  62  61  64  64  -1  66  67  68  70  69  71  71  72  74  75  75  77  77  80  80  82  82  84  83  86  86  86  88  91  92  91  93  93  95  95  97  96  98  98 101 101 102 102  -1 105 106 106 108 110 109 110 113 113 113  -1 115 119 117 118 121 121 122 124 124 124  -1 127 
 27  28  32  32  31  34  33  34  37  37  37  38  42  42  41  42  -1  47  45  47  48  49  51  51  51  53  55  55  56  57  58  58  59  61  61  63  63  66  66  69  68  69  69  70  73  72  74  75  75  76  77  80  80  80  82  84  84  87  86  87  89  89  90  91  92  93  93  95  96  97  98  98 101 101 101 102 104 105 107 106 109 109 109 111 111 114 113 115 115 117 117 119 121 121 121 123 123 124 125 128 128 
 28  31  32  32  32  34  34  36  36  37  38  40  40  43  42  43  44  47  47  49  49  51  51  51  55  55  55  56  56  59  58  59  62  61  64  63  -1  66  68  69  69  69  70  73  73  73  -1  75  76  78  78  80  80  82  -1  84  87  87  87  88  88  90  90  92  93  93  95  96  97  98  98 101 102 101  -1 104 105 105 107 109 109 109 112 111 114 114 114 115 116 117 120 120 120 121 123 123 126 125 128 128 128 
 31  31  31  32  34  34  36  36  37  39  41  40  41  44  43  44  47  47  47  49  50  50  52  52  55  55  57  56  59  59  60  60  62  62  64  64  65  68  68  68  69  70  72  72  73  75  75  79  -1  78  80  80  81  -1  85  86  86  87  90  88  90  90  92  92  94  94  96  96  98  98 100 100 101 103 103  -1 105 108 108 109 109 111 111 114 114 114 117 116 117 119 120 120 121 123 123 125 125 127 127 128 131 
 31  31  34  34  34  37  36  38  39  41  41  41  42  46  44  46  46  47  49  49  50  52  52  53  55  57  57  59  59  59  60  62  62  65  64  65  67  67  68  69  70  72  72  75  75  75  77  77  79  80  80  81  83  83  85  85  87  88  88  90  91  92  92  96  94  96  96  98  98 101 100 101 104 103 104 105 109 108 109 109 111 111 113 113 114 117 117 117 119 119 120 121 123 123 126 125 127 127 129 129 131 
 31  34  34  34  35  37  38  38  41  41  41  42  43  46  46  46  47  51  49  51  52  52  53  56  56  56  58  58  59  -1  -1  62  65  65  65  68  67  69  71  71  71  72  74  75  76  77  77  79  81  80  83  83  83  86  85  87  90  88  91  91  92  92  96  96  96  96  99  99 101 101 101 103 103 104 105 107 107 109 111 111 111 113 113 116 116 116 118 118 119 122 122 122 123  -1 126 128 127 129 129 131 131 
 34  34  34  35  37  37  38  -1  43  41  44  43  46  47  47  47  50  52  51  52  54  54  -1  56  56  58  58  60  60  -1  64  64  64  65  68  68  69  69  71  71  73  73  77  76  77  78  80  80  81  -1  84  83  86  86  86  88  88  90  91  91  92  94  94  96  97  98  98 100 100 101 103 103 105 105 107 107 109 110 110 111 113 113 116 116 116 118 118 120 120 123 122 125 125 126  -1 128 129 129 133 131 133 
 35  34  35  37  37  39  39  42  43  43  44  46  46  48  47  49  49  50  52  54  54  54  55  57  57  59  60  60  63  63  64  64  66  66  68  69  69  71  71  74  73  76  76  77  78  78  80  81  83  83  84  84  87  86  90  88  90  91  91  93  94  94  96  96  99  98  99 100 102 102 104 106 105 107 107 109 109 110 112 114 113 116 116 117 118 119 119 120 121 123 125 125 125 127 127 130 129 132 132 133 134 
 37  35  37  37  39  39  42  42  42  44  46  46  49  49  49  49  50  52  52  55  54  55  57  57  60  60  60  61  63  64  64  67  66  68  69  69  71  71  -1  74  75  75  77  79  78  80  81  82  82  84  84  86  87  87  90  90  91  91  92  94  94  95  96  98  98  99 101 101 102 104 106 106 106 108 110 109 110 113 113 113 115 115 116 119 119 119 121 121 123 124 124 125 127 127 128 130 131 132 133 133 135 
 37  37  37  39  39  41  41  42  -1  47  46  47  49  50  50  50  52  52  54  54  56  56  57  61  60  61  61  63  64  64  67  67  67  69  70  -1  71  73  73  76  75  77  77  79  80  80  82  82  85  84  86  86  87  -1  90  91  91  92  94  95  95  98  98  98 100 100 101 104 104 106 106 106 108 109 109 112 112 114 113 115 115 116 117  -1 119  -1 121 123 123 124 126 126 127 128  -1 131 132 132 133 136 136 
 37  39  39  39  41  41  44  44  44  47  47  48  48  51  50  52  52  54  54  57  56  58  59  59  61  62  62  63  64  66  69  67  69  69  72  73  73  73  75  75  -1  77  79  80  80  82  82  85  85  85  86  89  89  89  91  91  93  93  96  95  98  98  99 100 100 103 103 103 105 105 107 108 108 109 112 112 114 114 114 115 116 117 120 120  -1  -1 125 123 124 126 126 128 128 131 131 133 132 134 135 135 136 
 39  39  41  41  41  44  44  44  46  46  48  48  51  52  52  52  53  54  56  56  59  59  59  61  62  62  63  67  66  68  69  69  69  72  72  72  73  76  75  77  77  80  80  80  81  82  84  84  85  88  88  88  89  92  91  92  93  97  96  97  98 100 100 100 103 103 103 107 105 107 107 108 111 111 111 113 113 114 117 116 118 118 119 121 121  -1 125 125 127 126 128 128 130 131 132 132 133 134 135 137 138 
 39  39  41  41  44  44  44  46  46  48  48  50  50  53  52  53  55  55  56  58  60  59  62  62  62  65  66  66  67  68  68  71  72  72  72  73  75  75  79  77  81  80  81  81  83  85  84  85  88  88  88  89  93  93  92  93  95  95  97  98  99  99 101 103 103 104 106 107 107 107 109 111 111 111 113 113 114 117 117 118 118 119 121 121 123 123 125 125 127 128 129 129 131 131 132 133 134 136 136 138 138 
 39  41  41  44  44  44  46  46  50  48  -1  50  54  54  56  56  55  57  57  61  60  -1  62  64  64  65  65  67  68  68  71  71  71  73  74  74  75  76  79  79  79  81  82  82  84  84  85  87  87  89  91  91  93  93  95  95  95  97  97  99  99 100 101 103 105 105 106 106 107 109 109 111 112 112 113 115 115 117 118 119 120 122 121 124 123 126 125 126 128 128 129 132 131 133 134 137 137 136 137 138 140 
 41  43  43  43  44  47  46  49  49  50  50  53  53  55  56  56  59  57  59  59  61  64  64  64  66  65  67  67  68  70  70  71  73  73  74  76  76  77  79  79  81  81  82  86  84  85  87  87  90  90  90  93  93  95  95  95  -1  97  99  99 100 101 103 103 105 106 106 107 108 109 111 111 112 114 114 115 118 118 119 121 121 122 122 124 124 126 126 128 128 131 131 131 133 134 134 137 137 137 139 140 140 
 42  42  43  45  46  46  50  49  50  50  53  53  53  56  57  58  59  59  59  61  61  65  64  65  66  -1  67  70  70  70  72  72  73  75  75  76  77  81  80  81  81  83  85  85  86  86  88  89  90  90  92  92  94  94  96  97  97  99  99 101 101 104 103 106 107 107 108 108 110 112 111 112  -1 114 116 116 118 119 121 121  -1 122 125 124 126 128 128 128 131 131 131 134 134 134 137 137 138 138 139 141 141 
 42  43  45  45  46  50  50  50  51  52  53  53  56  56  58  59  59  59  62  61  62  63  65  67  67  68  69  69  71  72  72  74  75  75  76  79  79  80  81  82  82  84  84  86  86  88  89  90  90  93  92  94  94  97  98  97  98  99 101 101 102 104 106 106 106 109 108 110 110 111 112 114 114 116 116 120 119 120 120 123 123 125 125 126 127 128 129 130 132 131 134 134 134 136 136 139 138 139 143 141 142 
 43  45  45  47  50  50  50  50  52  53  53  55  55  57  57  60  59  60  63  62  63  66  66  67  68  68  69  70  73  72  75  75  75  76  78  79  80  81  81  82  84  84  87  87  88  89  -1  90  93  93  95  95  95  97  97  98 102 101 102 102 104 106 106 106 109 109  -1 110 111 113 113 114 117 116 117 120 120 120 121 123 125 125 128 127 128 129 129 131 131 133 133 134 136 136 138 138 139 141 143 143 143 
 45  46  47  49  49  50  50  53  53  54  54  55  57  57  61  61  60  61  62  63  64  65  67  67  68  70  70  72  72  75  75  76  78  78  79  79  -1  81  84  84  84  87  87  88  91  91  91  93  93  93  95  95  96  97  98 101 101 102 102 103 105 105 108 108 108 110 110 112 112 113 114 115 117 117 119 120 123 121 123 124 124 126 126 128 129 129 132 131 132 133 135 136 136 139 138 139 141 142 142 145 145 
 46  47  48  49  50  -1  53  53  53  54  55  -1  57  61  62  62  61  62  63  64  65  67  67  70  70  70  71  72  73  75  75  77  77  79  79  82  82  83  83  85  85  87  87  89  91  91  93  93  93  95  95  96  99  98 100 100 102 103 103 105 105 107 107 108 111 110 111 112 114 115 115 117 117 119 120 120 123 123 124 124 127 126 127 129 129 132 132 132 134 135 136 137 137 139 140 141 141 142 144 144 145 
 47  48  50  50  52  52  54  53  -1  55  57  57  61  61  61  63  63  63  64  67  67  67  69  69  -1  71  73  73  76  75  78  77  79  79  82  82  85  83  85  85  87  87  89  90  91  91  94  93  94  95  98  98  99 101 100 104 104 103 105 105 107 107 109 110 110 111 115 114 115 115 119 117 119 121 120 123 123 123 125 125 127 127 129 129 131 131 132 134 135 135 136 137 139 139 141 141 143 143 144 145 148 
 49  49  50  51  51  54  54  54  57  57  57  59  59  61  61  64  63  64  67  67  67  69  69  70  71  73  73  76  76  78  78  78  80  80  82  83  83  85  85  87  87  89  89  91  91  93  93  94  97  97  98  98  99 101 103 103 104  -1 105 108 108 109 111 110 112 113 113 115 116 116 118 119 120 120 121 123 123 125 125 127 127 130 129 132 131 134 134 135 135 136 138 139 139 141 141 143 143 145 145 147 148 
 49  49  51  51  53  53  54  56  56  57  60  59  60  61  65  65  64  66  67  67  69  69  70  71  73  73  75  76  78  78  78  81  80  82  82  83  85  86  86  88  -1  89  91  91  94  93  95  95  97  98  98  99 102 102 103 104 105 105 107 107 110 110 110 112 113 113 116 118 116 118 119 120 120 121 123 124 124 126 126 127 129 129 131 131 132 134 134 135 137 137 140 139 141 141 143 143  -1 147 147 148 148 
 49  52  52  54  53  55  55  56  58  -1  60  60  62  64  64  66  66  66  67  69  69  -1  72  74  73  75  76  76  78  78  80  81  84  82  84  85  85  86  89  89  89  92  91  93  93  95  95  96  98  98 100 100 102 103 105 105 105 107 107 109 109 110 113 113 113 116 116 116 118 120 120 120 123 123 124 124 125 126 128 129 129 131 131 132 134 134 136  -1 137 140 140 140 141 144 143 145 145 147 147 148 151 
 -1  52  54  54  54  55  58  58  59  59  61  61  -1  64  68  67  66  67  69  69  71  71  73  73  75  75  76  79  79  80  81  83  83  84  86  85  87  89  -1  89  92  92  93  93  95  -1  96  98  99  99 100 103 103 104 106 105 108 107 110 109 112 112 112 113 116 116 116 119 119 120 122 122 123 124 125 125 127 127 129 131 131 131 133 134 135 135  -1 139 139 139 140  -1 144 144 144 145 148 147 151 152 151 
 54  54  54  54  57  57  58  59  59  63  61  63  63  66  66  68  68  69  69  72  71  72  73  75  75  78  78  78  82  82  82  82  84  87  86  87  87  89  89  92  92  92  -1  96  96  96  99  99  99 101 103 103 104 106 106 107 107 108 110 111 111 112 113 115 115 116  -1 119 120 120 122 122 123 125 125 128 127 130 130 131 133 133 134 134 135 137 137 139 139 142 142 142 145 144 147 147 148 148 151 151 152 
 54  54  55  55  57  58  60  59  62  63  63  63  67  66  67  69  70  69  72  72  72  73  74  75  78  78  78  80  80  82  82  85  86  86  87  87  89  89  92  92  92  -1  96  96  96  99  99  99 101 101 103 104  -1 106 107 107 108  -1 112 111 113 113 115 115 116 119 119 122 120  -1 122 123 126 125 128 128 128 129 132 132 133 135 134 135 137 137 140 139 142 143 142 144 145 147 147 149 148  -1 151 152 152 
 54  55  55  57  58  60  60  60  62  62  63  65  67  67  67  70  71  71  71  73  73  74  77  77  78  79  80  80  82  83  83  85  85  87  87  89  89  92  92  92  94  94  -1  96  99  99 100 100 101 103 103 106 106 108 107 110 110 110 112 112 115 115 118 116 118 118 120 120 122 124 124 124 126 128 128 128 129 131 132 133 135 135 137 137 137 140 140 141 141 142 144 145 146 147 147 149 151 151 153 152 153 
 55  57  57  59  60  60  60  62  62  63  65  67  67  67  70  70  72  71  73  73  74  76  76  79  79  79  81  81  83  83  85  85  87  87  89  89  91  92  92  95  94  95  96  98  98 100 100 103 103 103 105 105 106 108 108 110 110 113 112 114 115 118 118 118 118 120 120 122 123 125 124 127 127 127 128 130 130 133 133 133 135 136 136 137 141 140 141 141 142 144 144 146 147 147 149 150 150 151 152 153 155 
 56  56  59  59  59  60  62  62  63  65  66  67  67  70  70  73  73  74  73  76  77  76  79  79  79  82  81  83  83  86  85  87  87  89  89  91  92  93  93  95  95  96  99  98 100 100 102 102 104 104 105 106 107 108 110 110 113 113 114 115 118 118 118 118  -1 120 122 122 124 125 126 126 127 129 129 130 132  -1 133 135 136 136 139 141 141 141 142 142 145 144 147 147 147 150 150 150 151 152 154 154 155 
 56  59  59  59  61  63  62  65  65  66  -1  67  70  70  71  71  73  75  76  77  77  77  78  79  81  81  83  84  85  85  87  87  89  89  93  92  94  93  95  95  97  98  98 100 100 103 102 105 104 105 108 107 109 110 110 112 112 115 115 117 118 118 118 120 120 122 122 124 125 125 126 129 129 129 132 132 134 134 136 136 136 137 139 139 141 142 142 145 145 145 147 147 150 150 150 154 153 154 154 156 156 
 58  58  59  62  62  63  65  65  65  68  68  69  69  71  71  73  75  75  75  78  77  78  79  80  81  82  84  86  85  86  87  89  89  92  92  93  94  95  95  98  98  98 101 100 101 103 105 105 108 108 108 108 111 110 111 112 116 115 117 117 117 118 120 120 123 122 124 125 125 128 128 129 129 133 132 134 134 136 136 137 137 139 139 141 141 142 143 146 145 147 147 149 149 151 151 154 154 154 156 156 159 
 58  59  60  62  64  65  65  65  68  68  69  69  71  71  74  74  75  75  76  79  80  79  80  -1  82  84  84  86  86  89  89  89  91  91  93  94  96  95  98  98  98 101 101 101 103 105 105 105 106 108 108 110 110 111 113 113 116 116 117 117 118 121 120 123 123 123 124 125 127 128 129 129 131 131 133 134 134 136 137 138 138 139 142 141 142 143 147 146 147 147 150 149 151 151 154 154 155 156 156 158 159 
 60  60  62  62  64  64  65  -1  68  70  69  71  71  75  74  76  76  76  79  80  81  82  82  82  85  84  85  86  88  88  89  91  91  92  95  95  96  96 100  98 100 100 101 104 104 104 105 106 108 109 109 110 112 114 113 117 116 117 118 120 121 121 122 123 123 124 128 127 128 130 129 132 131 132 134 134 136 136 140 138 139 140 143 142 145 145 145 147 147  -1 150 151 151 154 154 154 156 157 157  -1 159 
 60  61  62  63  64  67  67  68  69  69  71  72  72  75  75  75  76  79  79  79  83  83  82  83  84  85  88  88  88  91  91  92  92  94  94  97  96  99  99 100 100 102 104 104 104 107 107 107 109 109 110 111 113 113 116 116 117 118 120 120 120 122 123 123 126 126 128 128 130 130 130 133 132 134 134 138 136 138 140 140 140 143 143 145 145 145 147 148 149 149 153 151 154 154 154 158 158 157 159 159 161 
 61  62  63  65  66  66  68  68  69  72  72  72  74  74  75  77  77  80  79  82  83  84  83  84  87  87  87  90  90  90  92  93  96  94  96  97  98  98 100 102 102 103 103 104 107 107 107 110 109 110 111 114 113 116 116 117 119 119 119 120 122 123 123 125 126 128 128 128 130 130 133 133 133 134 138 138 138 140 140 141 142 143 143 145 146 146 148 150 149 152 153 153 155 154 156 156 158 160 159 162 161 
 62  64  64  66  66  68  68  69  70  71  74  74  74  78  78  77  80  80  80  82  82  85  84  85  -1  87  90  90  90  92  92  96  96  96  96  98  98 100 100 102 103 103 104 108 107 108 110 110 112 112 113 113 116 116 118 118 118 119 122 122  -1 123 125 126 126 128 128 130 131 132  -1 133 136 136 136 138 138 140 140 141 143 143 145 145 146 149 150 150 150 152 152 156 155 156 156 157 160 160 160 162 163 
 64  64  67  66  68  68  70  70  71  75  74  76  76  78  78  79  80  80  83  82  86  86  85  87  89  89  89  91  91  92  94  96  96  96  99  99  -1 100 103 103 103 105 106 106 108  -1 110 111 111 113 113 115 116 116 118 118 121 121 122 123 123 125 125 126 128 129 129 131 131 133 133 136 136 136 137 138  -1 140 141 144 143 146 145 148 149 149 149 150 153 152 154 157 156 157 157 161 160 160 163 163 163 
 67  67  67  67  68  70  70  72  72  75  75  76  77  77  79  80  80  84  83  85  85  87  87  87  88  89  92  91  94  94  94  96  97  98  98 100 100 103 103 103 106 106 106 108 108 110 112 111 113 114 115 117 116 119 118 119 121 121 123 123 126 125 127 127 129 129 132 131 133 133  -1 136 137 137 138 140 140 143 143 144 146 146 146 147 148 149 151 151 153 153 157 157 157 157 159 161 161 162 162 164 164 
 68  67  67  70  70  71  73  72  73  75  76  76  77  80  80  80  83  83  84  85  88  88  87  88  91  91  92  93  93  94  96  96  98  98 100 100 103 103 103 105 105 106 108 108 110 110 112 112 114 114 116 116 119 119 119 121 121 124 123 124 126 128 127 129 129 130 132 132 133 135 135 138 137 139 139 140 142 143 144 147 147 146 147 148 149 151 151 154 153 155 155 157 158 158 161 161 163 162 164 164 167 
 68  68  70  70  71  71  72  73  76  76  76  -1  80  80  80  82  82  84  85  86  86  89  90  91  91  91  93  93  97  97  96  99  98 100 100 102 102 103 106 105 106 108 109 110 110  -1 112 115 114 117 116 119 119 120 122 121 123 123 124 126 126 128 129 129 130 132 132 134  -1 135 137 137 138 139 141 141 143 143 146 146 147 147 149 149 152 151 153 153 156 155 157 158 158 160 160 163 163 164 165 166 166 
 68  70  70  71  71  72  75  75  76  77  77  78  80  80  -1  82  84  84  86  86  89  89  91  91  91  93  93  95  95  97  98  99  99 100 103 102 104 105 105 106 108 108  -1 110 113 113 115 115 117 117 117 119 119 122 122 124 123 124 126 126 128 128 129 132 132 132 135 135 135 137 137 138 140  -1 141 143 143 145 145 147 147 150 149 150 152 153 153 155 155 157 158 158 160 160 162 162 165 165 167 166 168 
 70  70  70  72  72  75  75  76  76  77  78  79  80  83  83  84  84  -1  86  89  89  90  92  93  93  93  -1  95  98  98  99  99 100 103 103 104 105 105 107 109 108 110 111 113 113 113 115 115 116 117 120 119 121 121 124 124 124 127 126 129 128 129 131 132 133 135 135 135  -1 137 139 139 141  -1 145 143 145 145 148 148 148 149 150 152 152 154 156 155 157 158 158 160 160 163 162 165 165 166 167 169 169 
 70  70  72  72  75  75  75  76  80  80  79  82  82  83  85  84  86  86  -1  89  90  91  91  94  93  95  95  98  98  98 100 100 104 103 104 104 105 107 108 109 109 111 113 113 113 115 115 116 118 118 120 120 121 123 124 124 126 126 128 128 129 131 131 134 134 134 136 136  -1 140 139 141 141 143 145 145 145 149 148 148 149 152 152 152 154 154 156 157 157 158  -1 160 162 162 165 165 166 169 169 169 169 
 70  72  72  75  77  75  77  77  80  80  81  82  82  85  85  86  86  88  88  90  90  91  93  95  96  95  98  98  98 101 100 101 104 104 104 105 107 108 108 109 112 112 113 114 115 115 116 119 118 119 120 122 122 125 124 126 126 129 128 130 130 131 134 134 134 136 136 140 140 140 140 141 142 144 144 146 147 147 149 150 150 152 153 153 154 155 159 157 159 160 160 163 162 166 165 166 167 169 169 170 170 
 72  73  73  75  75  77  77  79  79  81  82  82  84  85  85  86  88  88  90  90  92  93  95  96  97  98  98  98 100 100 101 103 104 104 105 108 108 108 110 110 112 113 113 117 115 116 118 118 119 121 121 122 124 124 125 126 129 129 129 130 131 134 134 135 136 136 140 140 140 140 142 142  -1 144 146 146 147 149 150 150 152 154 153 155 155 158 159 159 161 160 163 163 166 166 166 167 168 168 171 170 172 
 74  73  76  75  76  78  79  79  81  81  85  84  86  85  87  87  88  90  90  92  93  96  96  96  99  99  98 101 100 102 102 104 104 105 107 107 108 110 110 113 113 113 115 115 117 118 118 119 121 121 124  -1 124 125 126 129 129 129  -1 131 134 134 135 137 136 138 138 140 141 141 142 145 145 147 146 147 149 149 150 152 154 154 154 155 157 158 158 159 161 161 163 164 164 166 167 169 168 170 170 172 172 
 74  75  75  76  79  80  79  81  81  83  83  85  86  87  87  89  89  91  91  93  94  94  96  97  99 100 100 100 103 102 103 104 106 106 107 110 110 110 113 113 113 115 115 118 119 118 120 122 121 124 124 124 126 126 129 129 130 130 133  -1 134 135 135 137 138 138 141 142 141 143 144 145 148 147 147 149 149  -1 152 154 154 154  -1 157 158 158 159 162 161 164 165 164 166 166 168 168 170 170  -1 172 176 
 75  75  77  77  79  79  81  81  83  83  85  86  87  88  89  89  90  91  94  94  94  96  96  98  98 102 100 103 103 103 104 106 106 109 109 110 110 112 113 113 116 115 118 118 118 121 121 122 124 124 124 126 126 128 129 130 130 133 133 133 135 135 138 138 139 140 141 141 144 144 145 145 148 148 149 149 151 151 153 153 156 156 156 158 158 160 162 162 162 163 164 165 166 170 168 171 170 172 174 174 174 
 76  76  77  79  79  -1  81  -1  83  86  86  -1  88  89  89  90  93  93  94  94  96  96  98  98 103 103 103 103 104 105 105 106 109 109 110 113 112 115 114  -1 116 118 118 118 120 120 123 123 124 125 125 126 128 130 130 130 132 132 133  -1 135 137 137  -1 140 141 141 143 143 147 145 147 147 149 149 150 151 153 153 155 155 156 158 158 161 161 161 162 163 164 165 166 168 170 170 170 171 174 174 174 175 
 76  79  79  80  80  84  84  84  86  86  88  88  90  89  92  92  92  94  95  97  96  98  98 100 100 103 104 106 106 105 107 108 108 110 110 112 113 115 115 115 118 118 119 120 120 123 123 124 124 125 126 129 129 130 130 134 132 134 134 136 138 137 140 140 141 141 144 143 144 145 147 147 149 149 150 154 154 153 154 155 156 158 158 162 162 161 164 164 164 166 166 168 170 170 170 171 172 174 174 175 177 
 79  79  80  80  82  82  84  85  86  86  88  89  89  91  91  92  94  94  97  97  97  98 101 100 103 103 106 106 107 107 108 108 111 110 112 113 115 115 115 118 118 119 119 120 123 123 125 124 127 127 127 128 131 130 132 132 134 134 136 137 137  -1 140 141 141 144 144 144 145 147 148 148 149 150 152 154 154 154 157 157 157 159 159 162 162 163 165 164 167 166 168 168 170 170 171 172 174 174 176 176 177 
 79  79  81  81  82  84  85  85  86  88  88  89  92  91  92  93  94  95  96  97  99  99 101 102 103 105 105 106 108 108 108 110 111 111 114 114 115 115 117 117 120 119 121 121 122 125 125 125 127 127 128 131 131 132 132 133 134 136 138 137 139 139 142 141 144 144 145 145 148 148 148 151 151 151 153 153 156 156 157 157 160 159 162 162 163 164 164 166 167 167 168 170 170 171 173 173 174 175 176 178 178 
 79  81  81  83  84  84  85  87  88  88  89  91  91  94  93  95  95  96  98  98  99 102 102 102 104 104 105 109 109 108 110 113 111 113 114 114 115 118 117 119 119 123 121 122 124 124 125 127 127 130 130 131 131 134 133 135 135 137 138 140 139 141 141 144 144 144 145 146 148 149 150 152 151 154 153 156 156 157 157 159 159 163 162 163 164 164 166 168 167 169 169 171 171 174 173 174 175 177 177 178 180 
 81  81  83  83  84  86  86  88  89  89  92  91  94  94  95  95  96  98  98 100 102 102 102 104 104 105 106 109 110 110 110 111 113 114 114 117 118 118  -1 119 122 122 123 124 124 126 126 127  -1 130 132 131 133 133 135 135 137 139 139 140 142 141 144 144 144  -1 146 148 149 150 150 152 154 154 155 155 158 157 160 159 162 162 163 164 164 167 167 168 169 169 171 171 175 175 174 175 177 177 178 180 180 
 81  85  83  85  86  86  90  90  89  -1  92  93  93  95  95  98  98  98  99 101 101 102 105 104 105 106 108 108 111 110 111 114 114 114 116 117 117 119 119 122 122 123 124 124 126 126 130 130 130 132 132 134 133 135 135 136 138 138 140 141 141 145 145 144 147 147 148 148 151 150 153 153 153  -1 155 157 157 160 160 161 162 163 165 164 166 167 167 169 171 171 172 172 174 175 175 178 177 180 180 180 182 
 84  84  85  87  86  89  89  90  92  92  94  93  96  95  97  97 100  99 100 101 105 105 105 105 106 108 108 112 112 111 114 114 115 115 117 117 119 119 122 122 122 124 124 126 126 128 128 130 131 131 133 134 134 135 136 139 138 140 140 141 144 144 145 148 147 148 148 151 151 153 153 153 154 158 158 157 160 160 161 162 163 163 165 165 167 167 169 171 171 173 172 174 176 175 177 177 179 179 180 181 182 
 84  85  87  87  87  89  89  91  92  92  94  96  96  97  97 101 100 100 102 102 104 105 108 108 109 108 113 112 113 114 114 114 115 118 117 120 119 121 121 122 124 125 125 126 130 128 130 131 131 133 134 134 135 136 138 138 139 140 142 144 144 146 148 148 148 149 149 151 153 153 153 154 155 156 158 159 160 160 161 164 163 164 165 167 167 170 170 171 171 172 173 175 175 179 177 179 179 181 181 184 184 
 85  87  87  87  89  89  91  92  92  95  95  96  96  98  98 101 101 102 102 104 106 106 108 108 108  -1 113 113 114 116 114 115 117 117 118 120 121 121 125 125 125 125 126 128 128 130 131 131 134 134 134 135 136 138 138 139 142 142 144 144 145 145 146 148  -1 149 151 152 154 153 157 155 156 157 158 160 160 161 163 163 164 165 168 167 169 169 171 171 172 173 177 175 177 177 179 179 181 181 183 184 185 
 86  86  88  90  89  92  92  92  96  95  96  96  99  98  99 100 102 102 105 105 105 109 108 108 110 110 113 113 116 116 116 116 117 118 120 121 121 124 124 125 125 127 128 128 130 131 131 134 134 134 137 137 138 138 140 140 142 143 144 145 145 146 148 149 152 152 152 154 154 154 157 157 157 158 160 160 163 163 163 165 166 167 167 169 169 171 171 172 176 176 176 177 177 179 179 180 181 183 184 184 187 
 86  90  90  90  92  92  92  95  95  96  97  99  99  99 100 102 102 103 106 105 106 109 109 110 110 113 113 114 114 117 116 119 119 120 121 122 122 124 125 126 126 128 128 130 131 131 133 133 134 137 137 138 139 139 140 143 143 144 145 145 148 148 148 150 150 152 153 153 154 156 156 158 158 161 160 161 163 163 165 165 167 167 169 171 171 171 172 174 174 176 177 177 179 179 180 183 183 183 184 186 186 
 -1  90  90  91  91  93  94  94  96  97  98  98  99 100 102 104 103  -1 107 106 107 109 110 110 112 113 114 114 117 119 119 119 119 121 121 122 124 124 126 126 128 128 130 131 131  -1 133 136 137 137 137 140 139 141 142 142 144 145 145 148 148 148 150 150 153 153 153 156 156 156 159 158 160 160 161 164 164 165 165 168 167 170 170 171 172 172 176 174 176 176 177 179 179 181 183 183 183 186 186 186 189 
 90  90  90  91  93  94  94  95  96  99  98  99 100 103 103 103 105 105 107 107 109 109 110 111 113 113 117 117 117 117 121 119 122 121 123 123 124 125 128 128 129 129 131 131 134 134 136 136 136 137 139 139 141 142 142 144 145 147 147 148 148 150 151 152 152 154 156 156 156 158 158 160 160 162  -1 164 165 165  -1 168 169 169 171 173 172 175 175 176 176 178 178 181 181 182 182 183 185 185 188 188 189 
 91  90  93  93  95  94  95  96  98  98  99 102 102 102 103 105 105 107 107 109 109 112 111 114 113 116 116 117 117 118 122 122 124 125 123 126 125 128 128 128 129 132 131 133 134 134 136 136 137  -1 139 142 142 144 144 145 146 147 148 151 150 151 151 152 155 156 156 157 157 158 160 160 162 163 163 166 166 168 168 169 169 172 172 172 173 175 176 176 179 178 180 180 182 182 183 185 185 187 187 189 190 
 91  91  93  95  95  95  97  98  98 100 101 101 102 104 104 105 107 107 109 109 111 112 114 114 114 116 116 119 118 120 120 124 124 126 126 126 128 128 128 130 130 132 132 134 134 137 137 137 139 139 141 141 143 143 145 145 148 148 150 151 151 151 153 153 155 155 157 157 160 160 160 161 164 163 165 165 167 167 170 169 171 171 172 173 176 176 176 179 179 179 180 183 182 184 184 186 186 187 190 190 190 
 91  93  95  96  95  97  98 100 100 101 101 104 104 104 107 107 107 109 110 110 112 112 114 114 117 116 119 119 119 120 121 123 126 126 126 128 128 128 132 130 132 132 134 134 136 136 138 138 139 142 141 143 143 146 145 147 147 150 150 150 154 154 153 154 155 157 157 159 159 161 161 162 164 165 165 167 167 169 169 171 171 173 174 174 176 176 180 179 179 180 183 183 183 184 188 186 188 188 189 190 192 
 93  93  95  95  97  98  99  99  -1 101 104 104 104 107 107 107 109 109 110 112 112 115 114  -1 117 119 119 119 120 121 123 125 125 127 128 128 129 129 132 132 133 134 134 137 136 139 138 140 141 142 143 143 146 146 148 147  -1  -1 150 154 154 154 154 156 157 157 159 159 161 161 162  -1 165 166 166 167 171 169 171 171 173 174 174 176 178 178 178 180 182 182 183 183 185 185 188 188 188 189 191 192 194 
 93  96  95  96  98  98  99 101 101 103 103 104 107 107 107 109 109 112 112 112 114 114 116 116 119 119 119 120 121 123 124 124 126 126 129 129 129 132 132 132 134 134 136 136 138 139 139 141 143 143 145 145 146 147 148 150 150  -1 154 154 154 156 156 158 157 159 159 162 161 162 164 164 166 166 168 169 169 171 173 173 173 174 175 177 178 178 181 181 181 183 183 186 185 187 187 189 192 191 192 193 193 
 95  95  96  98  98  99 103 101  -1 103 105 105 107 107 108 109  -1  -1 112 114 114 116 116 119 119 119 121 121 123 124 124  -1 126 130 130 130 130 132 132 134 134 137 136 138 139 139 142 142 142 144 144 147 147 148 150 150 150 152  -1 154 156 156 157 158 158 159 161 161 164 164 164 166 166 169 169 169 172 172 173 173 175 175 177 177 178 181 181 181 183 183 185 185 188 187 189 189 192 192 192 193 194 
 95  96  97  99 101 101 102 103 104  -1 105 108 107 108 110 110 114 115 115 114 116 116 118 118 121 121 121 123 123 124 125 126 128 128 131 130 132 132 135 134 136 137 137 140 139 141 141 142 144 144 147 147 147 148 150 150 152 152  -1 156 156 157 157 158 159 162 161 163 165 164 166 166 167 170 169 171 171 174 174 174 175 178 177 178 180 180 181 184 183 186 185 188 188 189 189 192 192 192 194 194 197 
 96  97  99  99 101 102 102 104 105 105 107 107 110 110 110 113 113 114 115 116 116 119 118 119 120 122 122 123 126 125 126 127 128 129 132 133 132 135 135 136 137 137 138 140 142 141 143 144 144  -1 147 147 148 149 151 152 152 155 155 156 156 157  -1 160 162 162 162 166 165 166 166 167 170 170 170 171 174 174 174 177 177 179 178 181 180 182 182 184 186 186 188 188 188 191 191 192 194 194 194 196 196 
 99 100  99 103  -1 102 105 105 105 107 107 109 109 112 112 113 114 115 117 116 117 119 119 120 122 122 123 125 125 126 127 129 129 132 133 134 137 135 138 137 138 138 142 142 142 143 145 144 146 146 149 149 149 151 153 152 154 154 156 156 159 159 159 162 162 162  -1 167 166 168 168 168 171 170 172 172 174 174 178 177 178 179  -1 181 182 182 186 186 186 187 187 188 190 190 193 194 194 195 196 196  -1 
 99  99 101 101 103 104 104 105 107 107 109 109 112 112 113 113 117 117 117 117 121 119 122 123 122 125 125 125 126 128 128 129 135 133 134 135 136 137 138 138 138 141 142 142 143 143 145 145 146 148 148 149  -1 153 153 153 154 156 156 158 158 159 161 161 164 164 164 167 167 168 168 170 170 172 172 174 174 175 177 178 180 181 181 183 182 184 184 186 188 187 189 189 190 193 193 193 195 195 198 198 198 
 99 102 101 102 104 104 106 107 107 109 109 110 112 113 113 115 115 117 118 120 120 121 122 122 126 125 126 126 129 128 129 132 132 133 133 136 137 137 137 139 140 141 141 143 143 146 145 147 147 148 149  -1 153 153 153 157 157 156 158 158 162 162 161 164 164 164 165 167 168 168 171 170 173 172 174 174 175 177 178 178 180 180 182 182 183 184 187 187 188 190 189 191 193 193 193 194 195 198 198 198 200 
-1